-1.471107918769121170e-02
-7.215131074190139771e-02
-1.556924660690128803e-03
1.219966486096382141e-01
1.160330176353454590e-01
-7.549459114670753479e-03
4.085450619459152222e-02
-8.496163785457611084e-02
2.898044511675834656e-02
1.997239701449871063e-02
1.977080255746841431e-01
4.365115985274314880e-02
-6.518728286027908325e-02
-5.226323753595352173e-02
1.131630316376686096e-02
3.049978986382484436e-02
4.060354828834533691e-02
6.953990459442138672e-02
-7.778469473123550415e-02
6.923130154609680176e-02
-9.365533292293548584e-02
5.480010434985160828e-02
-3.843744844198226929e-02
2.123106643557548523e-02
3.793406113982200623e-02
-2.806266769766807556e-02
-1.818406954407691956e-02
6.870424747467041016e-02
5.429430305957794189e-02
6.743679940700531006e-02
6.264311820268630981e-02
-2.332360483705997467e-02
-1.589135266840457916e-02
1.860515959560871124e-02
1.839287206530570984e-02
-1.568104140460491180e-02
-7.422206550836563110e-02
-1.606728695333003998e-02
-2.262171916663646698e-02
-1.007509231567382812e-02
4.344150051474571228e-02
-1.202015131711959839e-01
2.802470885217189789e-02
-7.591944187879562378e-02
-5.334987770766019821e-03
-8.935216814279556274e-02
-1.814190112054347992e-02
3.306890279054641724e-02
-1.812705583870410919e-02
-7.689383625984191895e-02
-2.715411782264709473e-02
-3.847084194421768188e-02
-5.315470695495605469e-02
-2.153288200497627258e-02
6.898242980241775513e-02
2.431128360331058502e-02
-3.338155802339315414e-03
8.174914866685867310e-03
3.911701217293739319e-02
-2.924616634845733643e-02
7.184725254774093628e-02
-3.567479550838470459e-03
2.246175147593021393e-02
3.987981751561164856e-02
-4.921925812959671021e-02
2.454281598329544067e-02
5.875787511467933655e-02
8.505439013242721558e-02
-1.903062337078154087e-03
-3.044275008141994476e-02
-6.383366137742996216e-02
4.703110456466674805e-02
-1.200554892420768738e-01
3.573951870203018188e-02
-4.293387383222579956e-02
3.283866867423057556e-02
-3.347731381654739380e-02
-1.365910470485687256e-01
-1.231892849318683147e-03
9.683155221864581108e-04
4.590393975377082825e-02
-2.517798170447349548e-02
-2.073979005217552185e-02
2.005583792924880981e-02
1.062899734824895859e-02
1.902937702834606171e-02
-1.046923641115427017e-02
5.777885392308235168e-02
4.737162590026855469e-02
-4.362756386399269104e-02
7.450857758522033691e-02
5.077951774001121521e-02
6.648834794759750366e-02
4.064001515507698059e-02
-2.651626011356711388e-03
5.768055096268653870e-03
-9.652461111545562744e-02
-5.131313577294349670e-02
2.199687436223030090e-02
-4.358607530593872070e-02
