-6.750315427780151367e-02
6.959260255098342896e-02
-2.730473317205905914e-02
2.256093174219131470e-02
-2.200147360563278198e-01
-2.203884720802307129e-01
4.862635210156440735e-02
1.349923610687255859e-01
2.334255427122116089e-01
-4.873570054769515991e-02
1.017019078135490417e-01
-3.076038323342800140e-02
1.548243463039398193e-01
5.212502926588058472e-02
6.017234921455383301e-02
-3.364861756563186646e-02
-1.121834293007850647e-01
-2.646069526672363281e-01
-3.323386237025260925e-02
1.361041516065597534e-01
6.354367733001708984e-02
4.679805040359497070e-02
-1.621653698384761810e-02
-5.775835365056991577e-02
-3.108677454292774200e-02
1.036616414785385132e-01
-8.459379523992538452e-02
1.166515722870826721e-01
2.185210287570953369e-01
4.437255486845970154e-02
3.378392010927200317e-02
-1.720383577048778534e-02
-7.383765280246734619e-02
1.615205705165863037e-01
-1.062124893069267273e-01
-1.646949164569377899e-02
9.139607660472393036e-03
1.023842766880989075e-01
9.166391566395759583e-03
-5.642990022897720337e-02
-1.060751453042030334e-01
9.892715513706207275e-02
-7.136886566877365112e-02
-6.349133700132369995e-02
1.246170550584793091e-01
2.242281846702098846e-02
-4.797182627953588963e-04
4.527042806148529053e-02
-1.517917513847351074e-01
1.071681231260299683e-01
