-4.217357635498046875e-01 6.894454956054687500e-01 8.785101771354675293e-02 -4.838383197784423828e-01 -1.958916038274765015e-01 -3.111360669136047363e-01 5.495421886444091797e-01 5.376742780208587646e-02 -3.050006031990051270e-01 2.759847044944763184e-02
-5.243205428123474121e-01 -1.436248868703842163e-01 -4.421605728566646576e-03 4.177458286285400391e-01 2.156258672475814819e-01 -2.565844655036926270e-01 -1.009396672248840332e+00 8.124796748161315918e-01 -3.985522687435150146e-02 8.234255909919738770e-01
6.827998757362365723e-01 -5.120373368263244629e-01 -4.410835802555084229e-01 -8.217101544141769409e-02 3.195057511329650879e-01 1.080936551094055176e+00 2.960210442543029785e-01 -4.064581990242004395e-01 -3.875906169414520264e-01 -9.113742709159851074e-01
1.551441550254821777e-01 6.789024919271469116e-02 9.478234052658081055e-01 -1.684299483895301819e-02 -5.804565548896789551e-01 3.277623653411865234e-02 3.621940314769744873e-01 7.439318299293518066e-01 -8.670706152915954590e-01 -8.714646100997924805e-01
5.054352879524230957e-01 -2.730100452899932861e-01 -3.863446414470672607e-02 1.628544032573699951e-01 -6.881294846534729004e-01 3.325442671775817871e-01 2.028654366731643677e-01 9.509819000959396362e-02 1.514491289854049683e-01 -7.518066465854644775e-02
-1.961351186037063599e-01 -1.865953058004379272e-01 -7.129566669464111328e-01 1.866116672754287720e-01 4.712109863758087158e-01 2.423331141471862793e-01 -6.103827357292175293e-01 7.510070204734802246e-01 -3.547714278101921082e-02 3.631174266338348389e-01
-3.407765030860900879e-01 1.125835657119750977e+00 -7.886396348476409912e-02 -2.400776892900466919e-01 -1.889470070600509644e-01 2.776297926902770996e-01 5.585979297757148743e-02 7.875574827194213867e-01 -7.218958139419555664e-01 -6.018443107604980469e-01
-5.995246767997741699e-01 7.779583930969238281e-01 -6.348389387130737305e-01 -4.664284642785787582e-03 7.626797258853912354e-02 -5.223140716552734375e-01 -5.411556363105773926e-01 1.180060029029846191e+00 -5.901347994804382324e-01 6.010880470275878906e-01
-3.766333758831024170e-01 5.109825134277343750e-01 -2.231469936668872833e-02 -2.523637712001800537e-01 -3.463667631149291992e-01 2.643132805824279785e-01 3.833713531494140625e-01 -7.595398277044296265e-02 1.979593336582183838e-01 -4.292151629924774170e-01
6.502138972282409668e-01 -3.075820803642272949e-01 -1.828324794769287109e-01 3.618621230125427246e-01 -2.206730395555496216e-01 2.367495745420455933e-01 1.468898057937622070e-01 -8.551632165908813477e-01 -4.778931438922882080e-01 5.955227613449096680e-01
9.805303215980529785e-01 -2.831914722919464111e-01 4.370247721672058105e-01 3.368016779422760010e-01 -7.048112750053405762e-01 5.143117308616638184e-01 3.630657792091369629e-01 1.938331425189971924e-01 -9.633336663246154785e-01 -9.996538162231445312e-01
-5.141122937202453613e-01 -5.212454497814178467e-02 8.738179504871368408e-02 6.498543173074722290e-02 -6.797737628221511841e-02 5.756207183003425598e-02 2.174524962902069092e-02 2.974085211753845215e-01 6.582278758287429810e-02 5.485337972640991211e-02
-1.220296770334243774e-01 -5.970607995986938477e-01 -1.678902506828308105e-01 -7.572869062423706055e-01 3.324581980705261230e-01 4.262464046478271484e-01 -5.211808085441589355e-01 2.077593654394149780e-01 -3.897163271903991699e-02 7.814225554466247559e-01
1.543420255184173584e-01 -3.689010441303253174e-01 5.821122527122497559e-01 5.155963301658630371e-01 -5.640415549278259277e-01 -4.994135499000549316e-01 -8.813928365707397461e-01 2.101593464612960815e-01 1.869851350784301758e-01 -4.385109990835189819e-02
4.548603296279907227e-01 -3.002653121948242188e-01 6.819248199462890625e-01 -2.641471624374389648e-01 -2.183474004268646240e-01 1.880411803722381592e-01 3.817134201526641846e-01 -7.358256578445434570e-01 2.486393153667449951e-01 -4.433722794055938721e-01
-5.253314375877380371e-01 1.189840435981750488e+00 3.921733498573303223e-01 6.126589775085449219e-01 -6.096290946006774902e-01 -1.644887179136276245e-01 -4.214521050453186035e-01 -1.570240706205368042e-01 4.092248380184173584e-01 -4.472127258777618408e-01
6.648401618003845215e-01 -4.779791533946990967e-01 -2.650621831417083740e-01 6.361088156700134277e-01 -1.422318100929260254e+00 3.431480377912521362e-02 -1.167416453361511230e+00 7.001496553421020508e-01 1.241871342062950134e-01 9.883441329002380371e-01
9.018588811159133911e-02 1.872173994779586792e-01 2.406801730394363403e-01 2.179408818483352661e-01 -4.565522372722625732e-01 1.173128262162208557e-01 1.693599969148635864e-01 -4.431128203868865967e-01 3.644825518131256104e-01 -1.118162393569946289e+00
4.911348223686218262e-01 -9.007967710494995117e-01 -5.367162227630615234e-01 -7.898420691490173340e-01 3.839260637760162354e-01 2.724804282188415527e-01 -2.043269127607345581e-01 1.294628623872995377e-02 8.451039791107177734e-01 4.700171053409576416e-01
5.841130614280700684e-01 -5.519964694976806641e-01 6.508594751358032227e-01 8.694556951522827148e-01 -1.853194534778594971e-01 -6.974163651466369629e-01 -1.750413924455642700e-01 9.198722988367080688e-02 -2.562960386276245117e-01 -7.932654768228530884e-02
-6.924259066581726074e-01 -1.964242160320281982e-01 -2.897169888019561768e-01 4.592421352863311768e-01 3.489476144313812256e-01 -1.671594679355621338e-01 1.609982997179031372e-01 -8.095442056655883789e-01 6.750788092613220215e-01 1.561823785305023193e-01
-1.295243203639984131e-02 3.382287919521331787e-01 5.934633687138557434e-02 -6.871479004621505737e-02 -5.874535441398620605e-01 7.747572660446166992e-02 -2.762829959392547607e-01 2.384018301963806152e-01 6.186819672584533691e-01 -5.511574819684028625e-02
-1.189620852470397949e+00 2.376740574836730957e-01 7.054838538169860840e-02 2.197391539812088013e-01 8.168897032737731934e-01 -3.320629596710205078e-01 -5.385340452194213867e-01 1.601134091615676880e-01 -8.559532463550567627e-02 5.156587958335876465e-01
4.102035462856292725e-01 6.137175485491752625e-03 5.669489502906799316e-01 -2.590744793415069580e-01 -1.500692963600158691e-01 2.250182926654815674e-01 4.067866504192352295e-01 -7.352971434593200684e-01 -3.467202484607696533e-01 -2.616163194179534912e-01
4.599707722663879395e-01 -4.318261146545410156e-01 -8.568524718284606934e-01 7.730317711830139160e-01 1.389169394969940186e-01 5.606798529624938965e-01 2.409440129995346069e-01 -8.482800126075744629e-01 -3.333656191825866699e-01 4.760549068450927734e-01
-9.882837533950805664e-02 -1.760464757680892944e-01 5.238279700279235840e-01 4.933112859725952148e-01 -3.645668327808380127e-01 -6.251130104064941406e-01 -1.032378077507019043e-01 1.331481933593750000e-01 -2.172614932060241699e-01 4.127225279808044434e-01
1.013857603073120117e+00 -8.491699695587158203e-01 -5.174731835722923279e-02 1.369048207998275757e-01 -2.978090345859527588e-01 -2.579337358474731445e-01 9.458478540182113647e-02 1.844330579042434692e-01 -9.488481283187866211e-02 -1.276961714029312134e-01
1.102589815855026245e-01 -1.130748763680458069e-01 3.616605699062347412e-01 6.370164155960083008e-01 -9.388796091079711914e-01 4.034653902053833008e-01 -8.388403058052062988e-01 8.878748863935470581e-02 6.132639050483703613e-01 -2.626094520092010498e-01
3.352079913020133972e-02 -3.108173906803131104e-01 6.604469418525695801e-01 -8.037433028221130371e-02 -3.534996807575225830e-01 1.356747150421142578e-01 7.040318250656127930e-01 -5.383754968643188477e-01 2.684990167617797852e-01 -3.456743061542510986e-01
5.698111653327941895e-01 -5.412050485610961914e-01 2.318891882896423340e-02 4.899054467678070068e-01 -2.721517384052276611e-01 5.815608501434326172e-01 -1.458124667406082153e-01 -6.325194835662841797e-01 1.475864648818969727e-01 -4.304908215999603271e-01
-1.780339032411575317e-01 4.554136395454406738e-01 2.768711745738983154e-01 7.923629134893417358e-02 -1.373779326677322388e-01 -5.414304733276367188e-01 1.044351577758789062e+00 -2.257982939481735229e-01 -5.474175214767456055e-01 -6.215762495994567871e-01
-3.717735111713409424e-01 1.318909972906112671e-01 9.793622046709060669e-02 6.881989836692810059e-01 -1.367236580699682236e-02 -4.332595169544219971e-01 2.704185843467712402e-01 6.906405836343765259e-02 -7.965804338455200195e-01 -5.266945436596870422e-02
-7.461193799972534180e-01 9.016693234443664551e-01 -2.982857227325439453e-01 -6.933466196060180664e-01 2.225949615240097046e-01 3.044850565493106842e-02 6.125283837318420410e-01 2.910274863243103027e-01 -6.121221929788589478e-02 2.265764325857162476e-01
3.488146662712097168e-01 -4.586193561553955078e-01 -6.817128658294677734e-01 -8.458316326141357422e-01 3.858464360237121582e-01 3.748075366020202637e-01 6.807843446731567383e-01 4.050462543964385986e-01 -3.600096702575683594e-01 4.069148898124694824e-01
-2.681608498096466064e-01 1.077250480651855469e+00 -2.424478083848953247e-01 -2.517736554145812988e-01 -4.944811165332794189e-01 7.932852506637573242e-01 -1.868722438812255859e-01 2.337641716003417969e-01 7.650403678417205811e-02 -5.824071764945983887e-01
-2.117053866386413574e-01 -1.513106673955917358e-01 4.119124412536621094e-01 -3.433036208152770996e-01 8.634099364280700684e-01 -1.094864755868911743e-01 3.093725740909576416e-01 9.144736826419830322e-02 -8.088585734367370605e-01 -4.536987245082855225e-01
-8.462526202201843262e-01 2.605288922786712646e-01 -2.087914496660232544e-01 3.456850945949554443e-01 3.245500922203063965e-01 1.553645133972167969e-01 -7.045753002166748047e-01 -3.744347989559173584e-01 6.256033182144165039e-01 2.567613124847412109e-01
1.744576841592788696e-01 1.816238835453987122e-02 5.107228159904479980e-01 1.437292248010635376e-01 -5.166007876396179199e-01 -1.291770339012145996e-01 -2.849291265010833740e-01 7.802235335111618042e-02 -1.950458139181137085e-01 -3.947485387325286865e-01
-9.246720373630523682e-02 -2.237288504838943481e-01 -9.663946181535720825e-02 -4.451466202735900879e-01 6.131033897399902344e-01 -3.685671985149383545e-01 3.704317510128021240e-01 2.213935554027557373e-01 -2.720724977552890778e-02 5.775885581970214844e-01
4.030205309391021729e-01 -2.553388178348541260e-01 -8.182924985885620117e-01 -7.233246415853500366e-02 -1.960625872015953064e-02 1.014384150505065918e+00 -1.165590807795524597e-01 8.815426230430603027e-01 -4.946372210979461670e-01 1.042184233665466309e-01
2.291112244129180908e-01 7.307295501232147217e-02 1.222224533557891846e-01 3.628383874893188477e-01 -3.368476331233978271e-01 3.466252386569976807e-01 4.598269760608673096e-01 -1.196602344512939453e+00 6.460072994232177734e-01 -3.924302160739898682e-01
-6.439940929412841797e-01 -2.672902047634124756e-01 9.306780248880386353e-02 3.945502340793609619e-01 1.398389190435409546e-01 -1.743558496236801147e-01 -6.769447922706604004e-01 -2.021300792694091797e-01 7.069501280784606934e-01 5.738604664802551270e-01
1.070934012532234192e-01 -2.684400677680969238e-01 -2.921501100063323975e-01 1.738800853490829468e-01 -3.075121343135833740e-01 -3.965459465980529785e-01 -1.846427917480468750e-01 3.943682909011840820e-01 -4.255305603146553040e-02 3.893613815307617188e-01
-9.440618753433227539e-01 3.127398490905761719e-01 7.405086606740951538e-02 3.963079452514648438e-01 5.657287836074829102e-01 -7.047213912010192871e-01 -5.469643324613571167e-02 -2.594839632511138916e-01 1.213363558053970337e-01 1.158792853355407715e+00
-3.421819303184747696e-03 -2.766011059284210205e-01 1.777654886245727539e-01 -1.009182780981063843e-01 5.069499015808105469e-01 1.847355365753173828e-01 3.328321576118469238e-01 -2.011310867965221405e-02 -9.759434312582015991e-02 -6.961821913719177246e-01
3.787439167499542236e-01 -1.304116845130920410e-01 5.250119566917419434e-01 -4.925316274166107178e-01 8.442089706659317017e-02 -4.361751377582550049e-01 4.469685256481170654e-01 -6.695265322923660278e-02 -2.384090870618820190e-01 1.865765452384948730e-01
-1.384666860103607178e-01 2.038255333900451660e-01 7.625691890716552734e-01 5.650014877319335938e-01 -4.620898067951202393e-01 -9.067997336387634277e-02 -3.046545088291168213e-01 -3.257379829883575439e-01 3.498185575008392334e-01 -2.028399705886840820e-01
2.195355482399463654e-02 -5.790125727653503418e-01 -2.613140940666198730e-01 -7.662335634231567383e-01 6.204923391342163086e-01 2.917534410953521729e-01 3.102177679538726807e-01 1.843552440404891968e-01 -3.973175287246704102e-01 1.779442131519317627e-01
8.364801108837127686e-02 1.804525107145309448e-01 -1.265773177146911621e-01 1.014598459005355835e-01 -4.498652815818786621e-01 2.099358439445495605e-01 -8.781300783157348633e-01 3.664052486419677734e-01 -5.888989940285682678e-02 1.141283810138702393e-01
4.047307670116424561e-01 -2.309801131486892700e-01 -2.020636647939682007e-01 -8.403719216585159302e-02 3.856317698955535889e-01 -2.530331313610076904e-01 -7.083070278167724609e-01 4.860813170671463013e-02 5.632061362266540527e-01 -2.451780289411544800e-01
1.237367391586303711e-01 6.760295480489730835e-03 -4.967235326766967773e-01 1.103962540626525879e+00 9.440593421459197998e-02 1.113727450370788574e+00 1.174478605389595032e-02 -6.467014551162719727e-01 -4.053885340690612793e-01 -6.190698146820068359e-01
-4.228200018405914307e-01 1.786829531192779541e-01 -3.561480939388275146e-01 2.377967685461044312e-01 -3.546859622001647949e-01 3.112157285213470459e-01 4.497426096349954605e-03 -4.623340666294097900e-01 1.252808451652526855e+00 2.575263679027557373e-01
5.017342045903205872e-03 -2.781151793897151947e-02 8.330900073051452637e-01 -9.382277131080627441e-01 4.417295157909393311e-01 -2.410646826028823853e-01 2.708016037940979004e-01 -2.751418650150299072e-01 2.396326810121536255e-01 -2.436297833919525146e-01
1.652174293994903564e-01 1.717528700828552246e-01 -3.430528342723846436e-01 -6.450573205947875977e-01 4.534495174884796143e-01 1.791405528783798218e-01 4.087208211421966553e-01 -8.799220919609069824e-01 4.297524094581604004e-01 3.102039694786071777e-01
4.184284806251525879e-01 6.941556930541992188e-01 3.979381918907165527e-01 4.514561593532562256e-01 -7.187085747718811035e-01 9.632093831896781921e-03 -4.920721054077148438e-01 5.099767004139721394e-04 -2.959705293178558350e-01 -4.958603978157043457e-01
-1.761995553970336914e-01 7.093687653541564941e-01 -2.319488972425460815e-01 3.253595829010009766e-01 -4.636723399162292480e-01 7.245773673057556152e-01 -4.436534345149993896e-01 -1.682548373937606812e-01 2.953702509403228760e-01 -4.974348545074462891e-01
-1.873961091041564941e-01 -2.239475697278976440e-01 2.428862750530242920e-01 -2.865574955940246582e-01 2.733427882194519043e-01 -1.137002557516098022e-02 -3.066029846668243408e-01 5.724378228187561035e-01 -2.420548051595687866e-01 3.461885154247283936e-01
-1.173655033111572266e+00 5.907033383846282959e-02 -1.567629724740982056e-01 1.383385062217712402e-01 6.116116642951965332e-01 -1.625158339738845825e-01 -2.273085117340087891e-01 5.098662972450256348e-01 7.789536565542221069e-02 -8.072756230831146240e-03
-1.221563592553138733e-01 -2.621499598026275635e-01 -2.960305809974670410e-01 -6.093695294111967087e-03 8.274314403533935547e-01 1.457556616514921188e-02 1.358864158391952515e-01 4.843855798244476318e-01 -6.178886294364929199e-01 -2.579633891582489014e-01
-1.187458112835884094e-01 -3.785611689090728760e-02 8.410722017288208008e-02 1.593768596649169922e-01 2.786646783351898193e-01 -5.574380159378051758e-01 -1.068497076630592346e-01 7.624000310897827148e-02 -1.461592763662338257e-01 6.712722778320312500e-01
-4.585850238800048828e-01 -2.703073024749755859e-01 8.937052488327026367e-01 4.148833751678466797e-01 5.048972368240356445e-01 -5.529104471206665039e-01 7.950297743082046509e-02 3.264902830123901367e-01 -4.372260272502899170e-01 -1.500114202499389648e-01
-2.275864481925964355e-01 2.702287435531616211e-01 -1.386511791497468948e-02 -1.683696210384368896e-01 -6.687148008495569229e-03 1.843129247426986694e-01 -2.078585326671600342e-01 -7.489701360464096069e-02 2.818397283554077148e-01 1.620730161666870117e-01
-2.935108542442321777e-01 5.901911258697509766e-01 -8.065419793128967285e-01 4.552472531795501709e-01 -6.289625167846679688e-02 4.052824974060058594e-01 -8.000640869140625000e-01 1.014265656471252441e+00 -9.479250907897949219e-01 1.120494127273559570e+00
1.032604098320007324e+00 -3.758669793605804443e-01 -2.327498495578765869e-01 3.545118495821952820e-02 1.590046845376491547e-02 1.351230442523956299e-01 -1.828880608081817627e-01 5.626921653747558594e-01 -7.388400435447692871e-01 -1.659962981939315796e-01
-3.031403422355651855e-01 -3.994039893150329590e-01 -1.240237206220626831e-01 8.096192032098770142e-02 6.031848862767219543e-02 -3.478806614875793457e-01 -3.643237948417663574e-01 7.739097476005554199e-01 -5.576903000473976135e-02 7.163913846015930176e-01
-9.024401903152465820e-01 4.480473101139068604e-01 3.875827789306640625e-01 -1.070549249649047852e+00 6.148551106452941895e-01 -4.328482151031494141e-01 6.897626519203186035e-01 1.215123236179351807e-01 1.683983057737350464e-01 -5.612876415252685547e-01
-6.525506079196929932e-02 5.193750858306884766e-01 2.364093214273452759e-01 1.482316255569458008e-01 -1.715412288904190063e-01 4.796597734093666077e-02 6.955455541610717773e-01 -7.345544099807739258e-01 5.008198618888854980e-01 -8.434566259384155273e-01
-5.332819223403930664e-01 5.266539454460144043e-01 1.574541255831718445e-02 1.461219489574432373e-01 2.765049599111080170e-02 -8.917581290006637573e-02 4.624117016792297363e-01 5.360436439514160156e-02 2.318963967263698578e-02 -6.530836224555969238e-01
3.938854634761810303e-01 2.222906202077865601e-01 -8.668125867843627930e-01 -4.426124393939971924e-01 -1.095004677772521973e-01 3.449470400810241699e-01 4.437972307205200195e-01 -3.262414336204528809e-01 -1.916671246290206909e-01 2.686933279037475586e-01
5.094233155250549316e-01 -1.108314990997314453e+00 -6.633638143539428711e-01 6.106011942028999329e-02 4.628907740116119385e-01 2.166056782007217407e-01 -2.043633162975311279e-01 -3.484134972095489502e-01 5.464119315147399902e-01 1.598066240549087524e-01
5.031824111938476562e-01 -4.581280052661895752e-01 -1.238113120198249817e-01 -7.706088945269584656e-03 -5.037270784378051758e-01 -1.037371009588241577e-01 -6.973364353179931641e-01 8.409214019775390625e-02 9.150185585021972656e-01 4.069622755050659180e-01
-3.365555107593536377e-01 2.327470034360885620e-01 -6.516902446746826172e-01 1.928946822881698608e-01 4.907229170203208923e-02 4.828122258186340332e-01 5.170010328292846680e-01 -3.747075796127319336e-01 -7.260625716298818588e-03 -2.247241698205471039e-02
-8.207276463508605957e-01 2.770370543003082275e-01 -4.007161557674407959e-01 -6.015413999557495117e-01 5.412272214889526367e-01 -1.076064724475145340e-02 1.131901070475578308e-01 -7.117593884468078613e-01 7.470279932022094727e-01 3.955914974212646484e-01
-9.649560451507568359e-01 6.504791975021362305e-01 1.572471708059310913e-01 1.210398912429809570e+00 -6.586565375328063965e-01 -2.886765897274017334e-01 -5.257241129875183105e-01 6.546113491058349609e-01 -3.659224212169647217e-01 4.676848649978637695e-02
-4.696997627615928650e-02 -3.769604563713073730e-01 -8.738677501678466797e-01 -2.198220640420913696e-01 6.685593128204345703e-01 5.765941143035888672e-01 -2.389807105064392090e-01 1.748882681131362915e-01 -1.484108865261077881e-01 5.872709155082702637e-01
3.566343486309051514e-01 -5.182130262255668640e-02 9.202589988708496094e-01 -1.403350532054901123e-01 -4.262699782848358154e-01 -6.222075819969177246e-01 5.758948251605033875e-02 5.126914978027343750e-01 -2.064412236213684082e-01 -2.686303853988647461e-01
-3.195060193538665771e-01 2.530384361743927002e-01 1.833373159170150757e-01 -2.112953066825866699e-01 -5.534492135047912598e-01 -4.452052712440490723e-01 -1.756019294261932373e-01 4.420567750930786133e-01 6.445829868316650391e-01 2.001256346702575684e-01
-7.434636950492858887e-01 2.600869238376617432e-01 -1.954069882631301880e-01 -4.238181710243225098e-01 8.648491501808166504e-01 -2.678479850292205811e-01 -1.793034225702285767e-01 -4.713548123836517334e-01 5.730674266815185547e-01 3.133138716220855713e-01
-2.634249925613403320e-01 -2.831178307533264160e-01 -2.913895249366760254e-01 5.064576864242553711e-01 7.843296527862548828e-01 -5.262540578842163086e-01 7.480958104133605957e-01 -4.188725352287292480e-01 -8.393359929323196411e-02 2.529323995113372803e-01
4.149919003248214722e-02 -4.037930965423583984e-01 -1.953953653573989868e-01 2.110234051942825317e-01 1.323433369398117065e-01 2.312725037336349487e-01 -1.180784106254577637e+00 1.865734755992889404e-01 7.685053348541259766e-02 3.854157328605651855e-01
1.098602652549743652e+00 -1.097534418106079102e+00 3.807156383991241455e-01 -6.383489966392517090e-01 -1.586559712886810303e-01 1.948471516370773315e-01 -7.953997701406478882e-02 9.504718184471130371e-01 -3.168248534202575684e-01 -2.835589349269866943e-01
-2.779287397861480713e-01 2.242547422647476196e-01 -3.280384838581085205e-01 2.367759495973587036e-01 4.650928974151611328e-01 1.144637987017631531e-01 -4.181085899472236633e-02 1.955818980932235718e-01 -7.473403811454772949e-01 -2.790234982967376709e-01
7.568913698196411133e-02 -1.969789862632751465e-01 6.496318578720092773e-01 4.442545473575592041e-01 4.464729130268096924e-01 -2.438677102327346802e-01 3.446433246135711670e-01 -6.730003356933593750e-01 1.981338411569595337e-01 -7.133432626724243164e-01
3.507957458496093750e-01 -2.438272237777709961e-01 2.707557678222656250e-01 -1.887984871864318848e-01 2.676795125007629395e-01 -2.679004371166229248e-01 -2.258200347423553467e-01 1.415389180183410645e-01 -6.253119707107543945e-01 -7.919890922494232655e-04
6.047201156616210938e-01 -1.239455580711364746e+00 -9.892006218433380127e-02 -8.474767804145812988e-01 1.888406425714492798e-01 1.786897778511047363e-01 3.306149840354919434e-01 2.133864909410476685e-01 1.408282369375228882e-01 5.963470339775085449e-01
-1.290101557970046997e-01 -4.195596277713775635e-01 8.107832670211791992e-01 -7.794211804866790771e-02 -6.393555402755737305e-01 1.824764460325241089e-01 4.437802731990814209e-02 2.433067411184310913e-01 3.226279914379119873e-01 -6.969503164291381836e-01
-2.659455537796020508e-01 2.542044520378112793e-01 -2.815518677234649658e-01 3.058568388223648071e-02 3.323667347431182861e-01 -2.722888588905334473e-01 -1.567416638135910034e-01 7.378766536712646484e-01 -3.425167500972747803e-01 -3.385157510638237000e-02
-2.210632264614105225e-01 -1.610171347856521606e-01 -3.439531326293945312e-01 7.712317630648612976e-03 3.996343612670898438e-01 4.228579103946685791e-01 1.074940443038940430e+00 1.679806858301162720e-01 -5.571684241294860840e-01 -9.820216298103332520e-01
-3.341682851314544678e-01 4.136845171451568604e-01 8.200928568840026855e-02 2.000684440135955811e-01 -6.366840004920959473e-01 6.327127218246459961e-01 6.269745230674743652e-01 -7.680078148841857910e-01 7.410861551761627197e-02 -7.471857666969299316e-01
-1.130311042070388794e-01 2.848151326179504395e-01 4.201254546642303467e-01 -4.125247895717620850e-01 2.868760526180267334e-01 -5.963972806930541992e-01 -6.138680502772331238e-02 -2.013292461633682251e-01 1.374024003744125366e-01 4.738630354404449463e-02
-8.773822784423828125e-01 7.039262056350708008e-01 -5.874779820442199707e-01 8.037935495376586914e-01 -5.387764573097229004e-01 8.712919354438781738e-01 -4.214370548725128174e-01 1.794967055320739746e-01 -2.012064158916473389e-01 2.208814620971679688e-01
4.799934029579162598e-01 -3.889674246311187744e-01 6.427388787269592285e-01 -2.667099237442016602e-01 -2.353471070528030396e-01 -5.271177291870117188e-01 2.243576347827911377e-01 4.099072813987731934e-01 -2.550283074378967285e-01 -3.983890116214752197e-01
-2.369676232337951660e-01 2.084926813840866089e-01 4.958753287792205811e-02 -2.546019554138183594e-01 -1.962625086307525635e-01 2.207910828292369843e-02 5.871059298515319824e-01 -1.760719865560531616e-01 -2.935050427913665771e-01 -6.909225136041641235e-02
3.725524842739105225e-01 1.135243326425552368e-01 1.479081213474273682e-01 -5.872502326965332031e-01 -5.455909371376037598e-01 2.208008319139480591e-01 -1.867174655199050903e-01 -2.761107087135314941e-01 1.633418202400207520e-01 9.277562052011489868e-02
6.910438537597656250e-01 -7.393052577972412109e-01 3.667754828929901123e-01 2.290104031562805176e-01 -2.626487016677856445e-01 -3.358956277370452881e-01 4.168834686279296875e-01 -4.664146304130554199e-01 -4.815221130847930908e-01 5.416914224624633789e-01
-5.421179905533790588e-02 8.164000511169433594e-02 -2.163117080926895142e-01 -6.470279097557067871e-01 4.485765993595123291e-01 -2.787992656230926514e-01 6.278599500656127930e-01 -3.138656616210937500e-01 3.100889325141906738e-01 5.494310855865478516e-01
-4.229556918144226074e-01 4.716921225190162659e-02 5.098011493682861328e-01 -4.140530824661254883e-01 1.486671566963195801e-01 -1.132048293948173523e-01 1.465371698141098022e-01 -8.124057650566101074e-01 7.648707032203674316e-01 -9.937958791851997375e-03
-4.500432908535003662e-01 7.819996476173400879e-01 2.155092358589172363e-01 -3.134564757347106934e-01 -4.411626160144805908e-01 -8.883759379386901855e-02 1.302761584520339966e-01 -7.627768069505691528e-02 4.386565089225769043e-01 -3.539910018444061279e-01
-5.445076227188110352e-01 5.376719236373901367e-01 2.793370783329010010e-01 6.313897967338562012e-01 -3.137004971504211426e-01 -9.688887745141983032e-02 -8.036929368972778320e-01 3.233114778995513916e-01 5.130876898765563965e-01 -3.670159354805946350e-02
1.072278976440429688e+00 -3.730022907257080078e-01 -3.476727902889251709e-01 -6.349444389343261719e-01 -2.263906598091125488e-01 8.664671182632446289e-01 -1.206326633691787720e-01 1.609319299459457397e-01 -2.614905238151550293e-01 3.177173063158988953e-02
